%% These are the real world coordinates
% X^T = 1x4
% x(i) = 1x1

blue_bottom = [0, 0, 0, 1; 64, 0, 0, 1; 64, 64, 0, 1; 0, 64, 0, 1];
blue_top = [0, 0, 19, 1; 64, 0, 19, 1; 64, 64, 19, 1; 0, 64, 19, 1];

red_bottom = [0, 0, 19, 1; 64, 0, 19, 1; 64, 64, 19, 1; 0, 64, 19, 1];
red_top = [0, 0, 29, 1; 64, 0, 29, 1; 64, 64, 29, 1; 0, 64, 29, 1];

center_green_bottom = [16, 16, 29, 1; 48, 16, 29, 1; 48, 48, 29, 1; 16, 48, 29, 1];
center_green_top = [16, 16, 48, 1; 48, 16, 48, 1; 48, 48, 48, 1; 16, 48, 48, 1];

corner_green_bottom = [0, 48, 29, 1; 32, 48, 29, 1; 32, 80, 29, 1; 0, 80, 29, 1];
corner_green_top = [0, 48, 48, 1; 32, 48, 48, 1; 32, 80, 48, 1; 0, 80, 48, 1];

yellow_bottom = [0, 48, 48, 1; 32, 48, 48, 1; 32, 80, 48, 1; 0, 80, 48, 1];
yellow_top = [0, 48, 67, 1; 32, 48, 67, 1; 32, 80, 67, 1; 0, 80, 67, 1];




